-3.359033497975917992e+00 5.515468717076203120e+00
2.722309278797015342e+00 3.696392096374047753e+00
-1.056393141274448721e+00 -4.484487958933704999e-01
-6.219668428925571035e-01 -9.028688034488419056e-01
-5.172926746394908015e+00 8.092171773149194891e+00
2.051053480807770057e+00 7.252820273594506872e+00
1.864384493291664446e+00 1.851236038941918460e+00
2.887073350813174066e+00 -1.655299029330271621e+00
3.783394964277763783e+00 5.527335296952855082e+00
5.928465369482850633e+00 -5.709467520117770256e-01
-2.160723282561479941e+00 1.240485584585096390e+00
-2.818187568538721433e+00 3.622986487246746989e+00
1.040431341948322430e+00 2.080045963287058708e+00
4.200574140912199717e+00 -1.764423189107336976e-01
8.210265435823908220e+00 5.765709369286186714e+00
5.060365672835488438e-01 -6.491511825272351377e-01
3.742190355691861647e+00 1.643290906606456270e+00
4.194029170020392883e+00 3.110038590680002102e+00
2.528586356052786144e+00 6.603926842010794385e-01
4.930158777446321139e+00 4.554991443101047643e+00
-7.900199334083145564e-01 7.850796531113552135e+00
-3.885439414321482099e-01 3.708761303469278126e+00
-8.463201039345326082e-01 8.516519641797262175e-01
2.870677452441903199e+00 -4.376561494468751423e-01
-3.291097962211530170e+00 3.653298405877095867e+00
1.298451367601695772e+00 -1.288953179819509298e+00
2.754433626880720798e+00 -4.164220665190148107e-01
1.232187928913260011e+00 4.550744440485594566e+00
1.287414972575045446e+00 -2.401456688916831617e+00
-6.047131888570686620e+00 2.946049847597589366e+00
-3.179299159151275589e+00 2.950615501766020277e+00
1.014130438407009116e+01 6.723050173223002801e+00
-2.696993361528464916e+00 8.998276167966830386e+00
2.498685478395297643e+00 1.701721061171563854e-01
5.592916349904878182e+00 4.397919064000238798e+00
-6.694935848445028981e+00 5.141725811477321884e+00
2.714042634649922903e+00 5.592181292130307568e+00
-2.682174126816120108e+00 4.512363424642170884e+00
3.970317978671810355e+00 -6.241362190768168894e+00
1.446531918651178028e+00 -2.047762612934444615e+00
1.845212725570877232e+00 8.217964764557611490e-01
7.269537348452592695e-01 5.410851494936960160e-01
-1.139764133127204815e+00 4.924377714368956660e+00
3.730933165246069549e+00 3.172848592432039538e+00
1.343953938509367285e+00 4.139882703638807726e+00
4.373323642742111161e+00 2.342429599271826923e+00
1.017907747349244163e+00 -1.844573390017125947e+00
3.224385884846134864e+00 -2.090745565766175318e+00
7.277728226065180550e+00 2.153990311281786418e+00
4.739778944358327806e+00 -4.304143567955323491e+00
3.203767764185122324e+00 1.987879346153713644e-01
2.312654734310509053e+00 -2.350038848217805842e-02
3.065412268575176569e+00 3.028660582376150323e+00
1.597551571577948915e+00 2.398708068160155360e+00
-3.104380824123529781e+00 2.508512633931649916e+00
3.506628286135186290e+00 3.589069776511262688e+00
4.674350743078272252e+00 3.404289561725247992e+00
3.029262552587648649e+00 3.070378777213229049e-01
8.745513220713292402e-01 -3.453941355671223956e+00
1.034464363095433992e+00 3.569408873263619775e-01
3.090328846934889739e+00 2.161170438131650773e+00
2.924080281915197421e+00 -2.023607095655494681e-01
1.328177606336583327e+00 6.383429161246426453e+00
1.525697182304066146e+00 -2.402754459512626006e+00
-5.316831488026336761e-01 -9.656056330995360426e+00
-2.524432536435814889e+00 4.280947030175620505e+00
-1.488168196651778796e+00 -4.782397100984485672e-01
1.693713414470614964e+00 -2.235118081494624764e-02
3.833966588269638320e-02 3.544221343224641441e+00
5.000993194665450226e+00 5.280035206531581871e+00
8.131561522160213329e-02 8.602208815223953309e+00
5.362339684413713670e+00 6.394391063836864397e+00
-9.146046881217519964e-01 2.083902444993053216e+00
4.586568274349673402e+00 3.286148742172334103e+00
6.821024516396941628e+00 6.328463661599983858e+00
2.558630764617418674e+00 -4.253180636726223263e+00
6.862004968070573030e-01 8.809167217672153605e-01
5.442282597455379900e+00 4.496865852853126455e+00
3.135201782901411161e+00 4.351840474097739886e+00
8.498584306899814589e-01 5.846584386314124693e+00
1.302244874882177550e+00 2.228364382012385292e+00
5.408824124588496041e+00 3.740717213068057934e+00
1.143515577439799813e-01 3.820387711913535433e+00
3.245899310694539519e+00 7.517353614187527455e+00
-5.363822470484977067e+00 2.487013090913827718e+00
2.164671198892760273e+00 3.902395763294896902e+00
-6.450244612480466877e+00 5.055228150182568214e+00
5.001889370724569517e+00 7.595648044764046425e+00
-3.981102394871443906e+00 2.877272320194991018e+00
-4.693911350633066526e-01 -4.341944002588826734e-02
1.902794638208574529e+00 6.574955509180797186e+00
3.377128295479008280e+00 2.485896651467865315e+00
-1.505850147549459894e+00 5.497662290070617352e-01
9.377476775969306733e-01 4.056793245764613309e-01
3.782573697273940105e+00 3.388101064480132152e+00
-2.347970560908139603e+00 6.097623563127777757e+00
1.874711922729074498e+00 5.343366273600862471e+00
2.975149706207649292e+00 6.779103165515312668e+00
-2.501443227561753524e+00 5.249567441033878623e+00
-1.305194472220290614e+00 1.571777618009744248e+00
-1.172904748279331333e+00 2.843325179086494181e+00
4.208482783279388073e-02 2.605570586702334435e+00
2.191779861291565545e+00 3.671141186145137070e+00
9.763336979191302722e-01 -1.429635975995911856e+00
1.076634322151013956e+00 -8.868112459662298441e-01
4.536903367159736966e+00 -9.681699680855169188e-01
2.245996788579567305e+00 -3.224850603847182029e+00
-3.510143849869897359e+00 8.371572990905427503e+00
2.466754627445640891e-01 -1.093090835879621858e+00
-2.784322389912877949e+00 1.185355807308279941e+00
4.946421170021713998e+00 5.549203632502990313e-01
2.412440413580144938e+00 5.270815954720577956e+00
3.130455053402683152e+00 -3.839451465051859635e+00
-1.563011841379604139e+00 2.793434584763437201e+00
-2.323599640346183826e+00 2.666238004050073496e+00
-1.504179344080507130e+00 -8.609176390193429285e-03
9.889935644764001665e+00 3.602944033063289808e+00
7.725489451085609804e-02 3.136305064733737602e+00
-2.670571578045146111e-01 5.366368389056225929e+00
6.669225009400570059e-02 6.062556970147833901e+00
-8.416367753133137120e-01 6.015270664029809256e-01
1.793087016870416051e-01 1.993102654911734106e+00
4.442320906902064159e+00 1.298578921499752958e+00
1.207169502312186449e+00 -5.908482570092197683e+00
-1.054812237016200971e+00 6.609469805160657074e+00
-1.563912081509395424e-01 8.067902687078571944e+00
5.131321617090437215e+00 9.302472803607497731e-01
2.699316024058114660e+00 2.674067062469929201e-01
2.763817308113859283e+00 -1.259774695541562517e+00
-6.637738135830475450e-01 -4.370428848448591808e+00
9.962528658884750588e-01 5.574943224721140567e-01
3.992160094844597662e+00 2.060236320516737329e+00
-6.813877411052695621e+00 4.344773989202534992e+00
-7.076805468710888336e-01 3.092134064650522429e+00
9.142031235992966742e+00 8.788077660212746167e+00
1.060477230629524037e+00 4.487806023192111304e+00
6.167656195256001617e+00 9.240812550327502706e+00
-1.994804328345048949e-01 3.177059817510767825e+00
6.814451422475046094e+00 2.894510955397008090e+00
2.769806041682821629e+00 2.074614493006246452e+00
7.167478823094179941e-01 -1.457396601860855290e-01
2.573403120895493945e+00 1.342084535743021334e+00
3.389143112228698573e-01 5.214140674161038547e+00
-5.762350810010418156e-01 6.669675462290028278e+00
-1.883062221198773090e+00 5.369143311986917411e+00
-1.743825500874665257e+00 1.068050001197418108e+00
8.255455245413811483e+00 3.984356812388392122e+00
7.653239468077341900e-01 3.003577553342863915e+00
6.977824440873939160e+00 2.686995032446831022e+00
2.664048501465386298e+00 2.207381237292762144e+00
-1.970104681088506560e+00 -3.390467640922562254e+00
-2.161962069046424073e+00 4.862950962565584234e+00
3.938174041945754933e+00 1.952744398567454409e+00
1.443928502882587228e+00 2.926430718059293223e+00
2.823314308538473760e-01 3.128482200795922097e+00
1.261366536942054362e+00 4.759191709186214148e+00
-1.023684145588478867e+00 6.912459063707847129e+00
3.486756913569562411e+00 1.645549179760505965e-01
-3.498305111873702966e+00 2.973727769397940257e+00
-2.036894842403969452e+00 2.531312751723040044e+00
2.253292958139693436e+00 5.827878063617237814e-01
-8.953805964746684998e-01 3.071572787072822219e+00
-1.468100916262214728e+00 5.333508890247542489e+00
7.784624870842655753e-01 4.222927940615043063e+00
2.305353471515627639e+00 2.881272743958638305e+00
2.664655551536307954e+00 2.365839111638745162e+00
2.665604048677520765e+00 3.190503514060140766e+00
2.082054022927894543e+00 7.777064520954024118e+00
-1.496300571636245635e+00 -4.798055220807154742e-01
-2.208612566483723949e+00 -3.379300604738811664e+00
-2.556020171962641641e+00 5.286259594716440802e+00
2.089531911626592020e+00 3.347934574300477362e+00
1.409389799842039714e+00 6.965786039908601346e+00
2.871239499467178824e+00 -4.571711345573466478e-01
-3.394860744850847212e-02 -4.766056451770643854e+00
-2.549737785717786087e-01 5.875015431801287047e-01
-2.540060828738416321e-01 4.167260299903104759e+00
2.613236858237557581e+00 -2.719097767761291529e+00
1.354812009705696596e+00 -2.833097456344558562e+00
6.699990825920567605e-01 2.008049180281685775e+00
1.962643138190675485e+00 -1.122997438037752094e+00
-2.511364154117855740e+00 2.479959743853376697e+00
2.180225142721026188e+00 2.985580095763287201e-01
3.006308503528868137e+00 -3.434382850510576124e-01
1.803509297213960583e+00 -1.906081426217436370e-01
6.242379826837982648e+00 3.561764433689988074e+00
3.682127367013188213e+00 5.813203904857150661e+00
3.756844306115993959e+00 3.983352171813465681e+00
8.420345189403464214e-01 -2.342687143925773263e+00
4.898573354961865967e+00 2.960535159253689930e+00
1.020690007986031844e+01 2.648093532126746030e+00
-5.089616769289227349e+00 4.699148520790071615e+00
1.504776040425965800e-01 2.644651878118295496e+00
6.530772056551443328e+00 1.691032368287430421e+00
2.825038624663547271e+00 6.721691909494841299e-01
2.150647416155946345e+00 3.293993776329764867e+00
4.025756371132960254e-02 7.317819391027449161e-01
5.090204158659746847e-01 4.718269239009389437e-01
3.237482917709240127e+00 -2.004356203587839280e-01
-1.376719467204376768e+00 1.220848967907528060e+00
5.127319788146111890e-02 4.425542738319663272e+00
2.732386972919422785e+00 3.324437699054156425e+00
3.569315388498449426e+00 -9.655794396853520922e-01
-7.596358632257373955e-01 1.220073739209682540e+00
4.980442487094884463e+00 3.246474142028670240e+00
1.466880132892577127e+00 5.690827942214247592e+00
4.765287708543523237e+00 6.613627775492544103e+00
-3.220873250387666364e-01 2.911905256167732770e+00
-1.396110929924133659e+00 1.739883354250122638e+00
-1.752134446710985172e+00 5.715984134599494837e+00
1.139708665025110035e+00 5.163723116901822507e+00
3.480045399276112228e+00 8.379003809396947666e-01
2.644223096675415441e+00 1.601122197591339502e-01
-9.377384599646167995e-01 3.008921187663014418e+00
-2.432169487871096436e+00 1.656592477085062187e+00
6.755675186774936058e+00 5.041819593844223846e+00
1.449496855431984699e+00 5.775261831470242413e+00
1.858989178756570992e-01 1.484870387071721920e+00
-5.498748373678600032e+00 5.568006980908479342e+00
-1.399416514911359766e+00 1.497497192490461204e+00
-1.839037043960314088e+00 3.561333389709032904e+00
4.252937459956140920e+00 -4.676723093555526845e+00
2.331054825879215198e+00 3.011910799918700476e+00
5.595897850573617660e+00 2.225444489076493060e+00
8.331499574819221099e-01 6.569223883096491079e+00
-4.789902654972260976e+00 1.064845167345054300e-01
-6.674832928253211506e-01 4.065183021614801717e+00
-6.477029504800764226e-01 -1.946933435476678742e+00
-4.959639154867129918e+00 4.896072060905712897e-01
6.864364829958258252e-01 1.398437202001530766e+00
1.118983989423909753e+00 1.694015162323956769e+00
1.002827370666324436e+00 6.373767078551288101e+00
-3.997100808863535359e+00 3.883487637022544625e+00
4.659408812214279827e+00 8.199935121916416492e+00
1.966682321612817308e+00 4.158624098402388114e+00
1.803903169623033653e+00 7.563976857943020882e+00
-5.133621969757824033e+00 5.077507319772553096e+00
5.197645226289764331e+00 2.206792996702338971e+00
5.862764666676887337e-01 3.904879165838806454e+00
1.768855687777841412e+00 2.752587396944462306e+00
1.869103943290235215e+00 1.520121350952026162e+00
-2.369374500083408108e+00 4.134134002035660949e+00
4.334017256117491002e+00 2.648706172836505335e+00
-3.675010493305848058e+00 7.989520477730229331e+00
-2.722066955657572507e+00 2.001168578979448665e+00
-1.678892520225881979e-01 2.794126267540939068e+00
1.936737044961915677e+00 -7.283903722927549396e-01
1.082861852373096312e+01 2.276706468090857083e+00
-2.932765386298560317e-01 1.509701769703016394e+00
3.433227214593340015e+00 2.450672705289490549e-01
-5.657403705271166316e+00 5.783827409251507845e+00
-2.122729333600855472e+00 5.088597506684984673e+00
1.914108609448711862e+00 2.676615796562547445e+00
-3.821721369896127207e-01 1.777991241012535362e+00
4.236497575039659402e+00 1.457188115111199167e+00
5.295934571677607394e-01 1.067650929420763006e+00
-8.658810739080766705e-01 4.201646730544770669e+00
5.550909984910636474e+00 4.988698680002624286e+00
1.249564338994694213e-01 1.543822540953472267e+00
-3.069214401444569695e+00 1.035269077673004023e+00
5.607205953281608757e-01 3.857124752741339924e-01
-1.630848927978606255e+00 -9.746731107306103592e-01
-5.651835887325590280e-02 5.413584105503313815e+00
-2.101379002851634592e+00 3.766023429603744255e+00
3.622615228009314237e+00 -7.966783549575486845e-01
-3.550955165762724519e+00 2.462321811679067274e+00
-5.846118325509788161e-01 1.557314687269162778e+00
-4.070785278574894361e-01 6.964241029527539872e+00
3.404845983062434023e+00 2.902270453252008053e+00
5.357202732209800367e+00 7.113473245842556025e+00
-6.857264930829081173e-01 9.323938669912675836e-01
-6.759341264587224174e-01 7.607673944054019088e+00
3.134782230827431793e+00 -5.567518755225685512e-01
9.932287945309048460e-02 1.307984873296353934e+00
3.054800790493011675e+00 3.324812763546599825e+00
1.642515441044937852e+00 3.803445729558490918e+00
-2.183672681090127909e+00 2.741095254181895591e+00
5.634754373508285674e+00 -3.747929004438537159e+00
6.797690908045504798e+00 4.198417484719112913e+00
1.097007981175382563e+00 3.766737028721601543e+00
5.845984182686361219e-01 8.332718275628017146e-01
3.438779896261700220e+00 2.096981214415217565e+00
-4.060132118943737822e-03 6.160784931165556033e-01
2.020547532089737253e+00 1.381351358208203317e+00
-3.540779506711825508e+00 4.766002023390657705e+00
-2.389105205564109546e+00 7.427285778432941576e+00
1.950875660175103388e+00 -2.824546343744157806e+00
-5.238816544009197607e+00 6.556775080884404971e+00
5.880123805005895932e+00 1.360851179719717585e-01
4.742969390059522894e+00 -7.860142658464437382e-01
6.191147848799943176e+00 5.981291019740145209e+00
2.895780206054515027e+00 -1.472175310822187999e-01
2.465983497535930713e+00 6.814571578814176078e+00
-2.618196853931883172e+00 3.764603963823021981e+00
-2.820235986229100433e+00 8.138805670843953788e-01
5.180716040996788507e+00 -2.823935654438791687e-02
-2.190747100799361746e+00 3.068061420710557208e+00
2.706616860799454294e+00 3.417314263641348049e+00
1.136326296593535456e+00 5.609976564006487365e+00
3.616708826529488441e+00 8.317953416803728572e+00
-2.024103053556903120e+00 7.142391912831161704e+00
-2.836766241244947917e+00 2.388385946667520354e+00
2.344675132873565104e+00 4.099415180893700716e-01
2.493038127180295938e+00 1.244786706276104660e+00
3.509297038798822932e+00 5.976383667621636420e+00
2.344403258164390103e+00 -6.451772183459467680e-01
2.047583700407862306e+00 2.012232367450526915e+00
5.607946806240716064e+00 2.446866288909006926e+00
-1.562649072766147285e+00 7.245047563305651472e+00
2.318070078985950300e+00 3.266368950204789900e+00
1.249525872238964608e+00 -2.766367784403112928e+00
3.749825902934281752e-01 2.737664009345040395e+00
-1.752883083221455474e+00 -2.862611223177562891e+00
-7.601271017173427680e-01 8.176358316244710656e-01
-1.398205583159840781e+00 3.216794656593245705e+00
1.010326441444479473e+00 -7.044746571743684127e-01
1.572702434171347807e+00 2.600510284551295292e+00
-1.047104453911021471e+00 3.853698515285669757e+00
1.888703667693857557e+00 6.980064660800774590e+00
-3.266983490644149946e+00 3.646354483453687401e+00
9.399930252877533032e-01 2.048211452992483750e+00
-6.522106811267076587e-01 -1.914511670404969168e-01
-6.325541992121809898e+00 3.952911538788094425e+00
9.289465983207471078e-01 4.120855745174790030e+00
8.148796636018116324e-01 4.326928753641275271e+00
1.972982063003133169e+00 2.951380912877152873e+00
-1.274816087613824589e+00 3.695255931879366962e+00
-1.101630557484837070e+00 5.455499628017212999e+00
3.600617917770630783e+00 1.063699336364078984e+00
9.635036571474293599e-01 4.854591267811586341e+00
3.415592371283735496e-01 6.852205003779421322e-02
5.347158415810100429e+00 5.902421453859053813e+00
1.533102070190640598e+00 3.548321760018332327e+00
5.663077053881876433e-01 5.907845228607804700e+00
-3.003925946428164462e+00 6.827160552740888733e+00
4.916791827810140791e-01 1.520459025946170106e+00
1.174142549057104468e+00 2.052772814711813609e+00
-8.917325225043595260e-01 2.820778621268242414e+00
-1.773960246085696246e+00 1.956592606101341225e+00
3.131220637541190399e+00 4.025578433206526974e+00
3.360332601140254560e-01 5.925592890836371751e+00
3.733852103931842858e-01 6.270054433926895321e+00
5.278706557656970944e+00 -4.274631202481929293e+00
-4.160546205651984852e-01 -1.158319192950769239e+00
1.492237085486084247e+00 4.683342320311542073e-01
8.833853980140142781e+00 3.776198364368848814e+00
-5.131860469170734795e+00 6.148373448991889312e+00
1.301826271754077613e+00 4.312650684814084201e+00
3.865131819646450140e+00 -5.397668264621084955e-01
8.100626335687989510e+00 4.402964839156222610e+00
3.521280895786338405e+00 7.553966269530887345e-02
7.989111780507464289e+00 7.320674682052039639e-01
2.942178119994520280e+00 3.276487612488083734e+00
-2.377872367455077018e+00 5.621455289750624473e+00
1.683647195573501287e+00 5.096961799249631220e+00
-5.923538838964556241e+00 -1.526069322859036959e+00
-2.401922485354441417e+00 1.467129653449253279e+00
-2.122930843679722290e+00 1.496815139406320494e+00
6.255991677266065309e+00 6.661871713120039118e+00
-2.034346607443342503e+00 1.573587765350974443e+00
-2.027250987693558049e+00 2.324945766834910499e-01
6.453830001933138050e+00 5.572785509419942329e+00
-2.472068763675127734e+00 2.644477789147292590e+00
-6.858290385513423626e-01 1.556003037693612479e+00
-6.389284988663058051e+00 5.891194997276043566e+00
1.936667101334705876e+00 2.543376701509100002e+00
3.062483666522359815e+00 3.731163640345367849e+00
1.997555597868418742e+00 -1.216940489421818317e-01
2.761484566129242424e+00 -1.250467433411595719e+00
-6.790292660255907720e-01 1.345974783766338501e+00
7.045327912406122550e+00 7.817654792909794814e+00
2.854344954675945623e+00 -1.622839668196608853e+00
2.131842699976338462e-01 5.046987136379249783e+00
1.780046646138700339e+00 2.255371194134879964e+00
4.798137100635761598e+00 -2.580825130169724702e+00
3.336530376235301576e-01 9.485096014475473680e-01
-3.979599599075362093e+00 4.644041821995936736e+00
1.820396085565940236e+00 6.366943891298360025e-01
4.050265630207865897e+00 -4.095966787539410348e+00
-4.209283770550594994e+00 6.480553192784576089e-01
9.731126261285195866e+00 5.634677597693694473e+00
6.261824722112338648e+00 1.203432988196637687e+00
-2.058248154700827115e+00 2.825786857430007348e+00
2.345474537824806305e+00 -9.387498020790857822e+00
4.657819992216296612e+00 -2.938545137852570655e+00
3.197005972401103513e+00 -1.442614310739375405e+00
3.653292800800576501e+00 6.313306955615567873e+00
2.520232350178164715e+00 5.519053785876250728e+00
-1.884056448812584605e+00 8.770198175225406345e+00
1.566228058114047306e+00 4.849572434248893060e+00
3.875431239157150820e+00 -1.104883354214135194e+00
1.997674233903815821e+00 -4.643450514085614156e-01
1.103204079870608034e-01 1.184899396847007846e+00
4.066603155426243177e+00 9.108076822904026537e-02
-4.120761234963637776e+00 4.743313010580569866e+00
4.420882133068117170e+00 1.777763148101844992e+00
-7.150352128110104566e-02 4.091260043690561510e+00
1.329580248780568752e+01 9.110089971078529913e+00
2.360459195039966929e+00 4.107885499958213948e+00
1.910062404412328885e+00 2.690954166279441839e+00
4.345933422244789845e-01 1.806136676462097412e+00
-4.017992870756067481e-01 2.702470465403598254e+00
-2.244892021681502925e+00 -9.963595540072994750e-01
3.294234634888446145e+00 2.457278603081856527e+00
-1.196099990309231087e+00 -2.575251838667537374e+00
-3.297327333696904006e+00 4.582336528772955830e+00
-3.130688391592696962e-01 -1.749014903086924200e+00
-2.103117972817118986e+00 2.711891821696896798e+00
-1.007525804965518024e+00 -3.014354836540638960e+00
-2.567128756528636035e+00 7.531459147494663497e+00
2.587121205027027582e+00 4.482654925552099989e+00
5.242063877402233230e-01 5.992802805033508040e-01
4.736648789353950839e+00 3.980436476241830501e+00
3.021072128238476928e+00 4.736209038900128510e-02
-1.176480292151480977e+00 -2.164855046380142145e+00
-1.818503610194569964e+00 3.737124211042917921e+00
-3.049769074337565389e+00 4.651691494773399604e+00
1.798854174087541891e+00 1.472262225295861260e+00
4.492543924521404386e-01 -6.063060219519800231e-01
8.008342450080366604e+00 2.055073046421260763e+00
7.542680540159461877e+00 3.629299168616233029e+00
7.177541516291172652e-01 1.216880028117350854e+00
-1.175326906370227409e+00 4.172087612018124503e+00
1.225263903836253609e+00 2.758343687879061257e+00
5.740467102666983124e+00 5.931804019408778217e+00
2.278918984498890410e+00 1.132533709130411070e+00
-1.695781148076261458e+00 2.724024194527282283e+00
3.410223213710350088e+00 6.906462841723330470e+00
1.772573560615066768e+00 4.672826641722717333e+00
-8.399196990721913281e-01 2.542989536578159182e+00
9.672160718726305895e-01 4.196587624283282025e+00
3.404802325520607464e+00 -1.820868142009599122e+00
1.683470986175241491e+00 5.147658345202049901e+00
1.837801783607338590e+00 5.731973316572697819e+00
-6.220648661166892079e-01 1.141652069743525733e+00
-2.504850912017610565e+00 4.237919235304282495e+00
-1.071218150545348413e+00 4.742977012121154523e+00
4.453976531625603030e+00 9.818972684956449593e-01
-3.993284688710923014e+00 6.486512900027349815e+00
4.683035452049039371e+00 -4.592293323929547144e-02
-1.920335009337377663e+00 1.499486008111220903e+00
-3.109986219635975324e+00 2.587010144072190432e+00
2.488885540759327775e+00 1.604676314701393158e+00
-2.179864623453640626e-01 -7.385010416237147712e-02
-3.985927533993218308e+00 2.775500575662247282e+00
-8.366850497852782453e-01 -4.230709461356325640e-01
-2.763331794393359964e-01 1.038228133112282237e-01
-1.565846806288728743e+00 2.304410214949774272e+00
-2.381792476104771517e-01 3.578957277849586838e+00
1.087872317099902952e+00 2.411626647160643344e+00
1.163978071459679242e+00 1.659510200650896827e+00
1.204887880099593689e+00 -2.513353620833377100e+00
-4.932428959368968080e+00 3.259723601776569613e+00
-1.721911107576597821e+00 6.247249773159119002e+00
5.538740181575488641e+00 -4.164867262139025916e-01
-1.942466551795620999e+00 5.527169783453781626e+00
-6.432373117216800829e-01 -5.209386963568229945e-02
-3.985091867854031467e-01 4.555807837496480772e+00
-5.264613901882736258e+00 4.197696122660262041e+00
-9.510596659665293551e-01 2.842805374310528155e+00
1.466923738533868038e+00 5.728065034835534419e+00
5.761805811030034086e+00 2.235025330112516251e+00
-2.172663378897016440e+00 4.168019991126578283e+00
6.454551241774852954e+00 1.196553153707051287e+00
5.109497764195375602e+00 9.536044498374218747e-02
2.098872167364613794e+00 8.944375875530412578e-01
4.068106727984829085e+00 1.069854514628425513e+00
2.738043637118693141e+00 3.847799929259015261e+00
5.355261524749042934e+00 -6.861223160895693063e+00
2.493633960705350372e+00 -1.279156081900864939e+00
-3.399426313200069938e+00 4.484005867930116018e+00
1.162325665901795313e+00 5.787223926691666520e+00
-3.318948780550052380e+00 1.752780381461376713e+00
-8.866868268367011918e-02 -3.407105579444992038e+00
2.614476558256764616e+00 3.998843813324479246e+00
-1.146684491954262253e+00 7.641883199742320443e+00
-2.777463870235890031e-01 2.335170932691439383e+00
-3.826283235334011490e+00 2.554101455028332524e+00
4.637123443145182655e+00 4.480157030424945508e-01
-6.379884565147349029e+00 3.902873006411496704e+00
4.973139264412614224e+00 3.835256082630087437e-01
2.097138856024265419e+00 -2.628455625528965722e+00
-3.043847604190793810e+00 4.106873971246972843e+00
2.769891349488487364e+00 -7.578140925489387225e-01
1.700759230924102638e+00 5.984736029848429339e+00
1.400504757736558803e+00 -1.150632390506792335e+00
-1.214759540226781009e+00 -2.010337121397093973e+00
7.766111653433209749e-01 1.087810605817218335e+00
-7.477587085060601879e-01 1.010712649057710633e-01
2.586391283387969420e+00 3.919651755431835749e+00
3.307636492040259668e+00 2.536334916741878054e+00
1.601803093954933255e+00 2.134643704337287673e+00
3.104881107784929206e-01 4.481671951325828296e+00
-2.502648355793207102e+00 4.061993337191422526e+00
-5.656583921298290463e-01 2.451875864402334404e+00
-5.678809029942748055e+00 1.644515332000852315e+00
3.254731282488423805e+00 4.676178325844285055e+00
3.610130150136694027e+00 -1.225010222888575306e+00
1.570087284767061719e+00 7.516567304928207349e+00
-1.531284043339153911e-01 4.037639621529502065e+00
2.026944449553966798e+00 -1.520767907023545806e+00
8.259738747181927465e+00 4.412167497245034653e+00
-9.095466991341927265e-01 -2.594457144889014355e+00
-3.404645223161333334e+00 3.047321409135031800e+00
-2.205327042270981419e-01 -3.207491766250391230e+00
3.123105725533587673e+00 3.634331587676709496e+00
2.093406176435817834e+00 -3.811042894492024935e+00
3.872037842507011884e+00 3.860803728269156299e+00
1.067290381834782487e+01 4.478478726382288500e+00
-6.992217995703278177e-01 2.356007239338842929e+00
2.452157835277934961e-02 7.732091102095323798e+00
-4.134854007322565916e-01 3.626572370055978656e+00
-2.601422842875416475e+00 3.828231418823088372e+00
-6.984380784012957921e-01 3.064840740264534347e+00
1.739184057272258777e+00 2.501401489755634699e+00
-9.363268471386647640e-01 1.255945234454194370e-01
2.952423642601378795e+00 1.423759163492289703e+00
-1.357781491766737236e+00 -2.776577721366177087e+00
-5.275971177803876699e+00 4.113524183225809594e+00
-1.090872272471595794e+00 3.298727673196916843e+00
1.479363493369298954e+00 3.306089131515017598e-01
2.627618689133687457e+00 3.721886674603924750e+00
2.284164836025615042e+00 -3.631590701512869002e-01
4.504010517432028848e+00 -1.929210148179753004e+00
3.670522538666892043e+00 1.410529422247649878e+00
1.027459197619452258e+00 -2.109436357711498289e+00
2.582650128154305946e+00 -9.989306365422258693e+00
1.418561860722557411e+00 2.583114227488516601e+00
-1.465549794888062474e-01 -2.799728984658258923e+00
-3.417581517613847542e+00 2.847348417786221830e+00
-9.780737160191055324e-01 8.568254685432220796e+00
3.779040233573547347e+00 6.716774177254220213e+00
-6.353072010515070644e+00 2.439043729567275776e+00
3.036844416324789186e+00 1.745023428342756144e+00
2.739579518415079740e+00 4.273838859479657692e+00
8.467976705225408462e-01 -8.696409220416565500e-01
-3.711529748060768963e+00 3.175021009781330950e+00
-1.005839875746318945e+00 9.088942558045283171e-01
2.425140654104968263e+00 4.234071165483396015e+00
9.153183187024719558e+00 6.727327089793079473e+00
6.753737796108321145e-01 -9.278608920835675899e-01
-7.479674334288417548e-01 4.723286876301465043e+00
3.125951825718618959e+00 -7.910291343032946898e-01
2.362276372383716350e+00 -8.180765643838578960e-01
3.543128095243602838e-02 1.243394706682005912e+00
6.015181866285621570e-01 4.348531162261439320e+00
3.351720120754161147e+00 2.247248282902529759e+00
9.982574527732779313e-01 -8.225780158671144093e+00
3.441175825220826212e+00 7.365302830291756919e+00
1.281567125190108680e-01 2.878250640773898361e+00
-5.533120294192734878e-01 3.232209079001446383e+00
1.018310349869936848e+00 4.813929467501347759e+00
5.566834914369628073e+00 3.766039586040895948e+00
-1.259058487235946155e-01 4.675348525316951331e+00
-4.655558631677616077e+00 5.914568360868444508e+00
-2.661509184808138695e+00 2.124070147434861333e+00
1.068603201708829165e+00 2.597176388964340887e+00
1.477124368883006689e+00 1.137664948473720905e+00
-3.039038784374774149e+00 2.609857684793427168e+00
1.577519313954648172e+00 6.629164325900979149e-01
4.129070891886204464e+00 1.332822811764458937e+00
-4.786886316625271753e-02 -6.248497071757351806e-01
5.589140870139869932e+00 2.605900027352508808e+00
-1.077173764326964100e+00 6.963386627356170644e-01
2.145765678751819117e+00 3.802133337255631851e+00
2.409281635938545385e+00 4.062707579387727641e-01
2.182517891021122924e+00 4.620885657975787097e+00
2.563982787388439988e+00 6.181780086903517990e+00
-7.761293466897645210e-02 4.236708707372574878e+00
2.357428665878734009e+00 -1.085544432347151034e+00
-2.204003767667430114e-01 -1.532458374266329137e+00
-1.669106562691371254e+00 4.150575823136578357e+00
1.054272288185909456e+00 2.406692877595350222e+00
-4.015555426069704836e+00 4.178869262622349368e+00
-5.217696135246103317e+00 2.055810372461021274e+00
-1.067017379360922780e+00 8.705609791040465950e+00
-7.574687381762076122e+00 5.252569169258674897e+00
8.250820847058178975e-01 1.750800885854206790e-01
8.149152817437158802e+00 8.011329033241226583e+00
8.760447577343526415e-01 4.005342502684309025e+00
3.904555316002570109e+00 5.609427354410350119e+00
3.436541012668271833e+00 1.580825182960107433e+00
3.063828599105908879e+00 6.061809254798604663e+00
5.581182274712528368e+00 6.984405914264745219e-01
-8.433510668426378309e-01 4.893507355741092413e-01
-1.733300297750756114e-01 5.483579962700590116e+00
-6.249885807982828112e+00 5.275937520009802206e+00
3.998771737160621065e+00 2.169278467739411909e+00
6.879037374535066363e+00 7.067240381931272353e+00
-1.108483535123416575e+00 1.379153867775123832e+00
2.562709529582270385e+00 -1.809062611927561459e+00
1.569990701490129759e+00 1.329023795022016508e+00
1.306534457963389961e+00 3.075706212761335934e+00
-6.542839942452971513e-01 4.204094239162411206e+00
2.948282456782256755e+00 2.807672274850775640e+00
-2.469739764114638803e+00 2.135997281631600853e+00
3.076117683834430849e+00 -2.424035072817543934e+00
2.655035307143233769e+00 -3.318905387742138391e+00
-6.185195549013438487e+00 8.280432704878800010e+00
5.553534636687303738e+00 7.416512989234840703e+00
-2.177941094076648376e+00 4.224307875291088976e+00
6.603038839195205512e+00 5.922055016073672462e+00
5.255157614261681154e+00 7.821892670896530841e-01
8.145109988511620713e-01 -1.173269428314923868e+00
-1.649338791112122449e+00 3.614976609545045072e+00
3.570399576712905976e+00 4.477073751676046598e+00
6.688942143675146390e+00 2.241084124522140009e+00
4.554301726292209196e-02 7.100364129967756455e+00
-3.509349522005845712e-01 2.845933684573874967e+00
-2.514294563776382496e+00 4.366747692013705162e+00
4.369188464117574000e+00 1.242035257260081460e+00
3.173554814508014132e+00 -2.984434400909671492e+00
9.293553834019101512e-01 -9.431824600046355700e-01
-1.482734196017022610e+00 -1.104691212144626622e+00
3.330281481382173503e+00 1.406344697121591159e+00
-4.404299150615869074e-01 6.625016347807494377e+00
-2.605540779818165564e+00 1.932531241070631900e-01
4.412531858340899005e-01 3.737985019534024733e+00
2.389654923956427979e+00 7.414476314484270247e+00
-3.736636805728946520e+00 5.189973402645281730e+00
4.922941844453966098e+00 -7.569737084261114468e-01
1.097642641522763141e+00 3.036938406830278048e+00
6.297831568153802628e+00 1.311447785680606160e+00
1.350051656121267207e+00 -3.904954750759734861e-01
-2.888880668259410811e+00 2.855925401589395118e+00
2.444005436005058041e+00 2.147565196325385894e+00
-1.244687585805277052e+00 -5.739080983748079401e-01
1.395862598187228354e+00 8.177347232117977427e+00
3.461409956141391575e+00 1.320393091017574960e+00
4.656085843908863708e-01 4.053058670654451134e+00
2.525814657451890821e-01 2.173087980945371367e+00
-4.996021617268538328e+00 4.425356193673385619e+00
3.004340172099658091e+00 1.744649241784325788e+00
4.071825239383682238e+00 6.466015862425721572e+00
-3.282276463490497065e+00 1.833914717390606963e+00
-5.689119528866348752e-01 8.746658086837386659e-01
-2.292041805826041667e+00 -1.080084794110054647e+00
5.426154109453525720e+00 1.498691072834789306e+00
1.071505711785212256e+00 -6.645398534431651294e-01
3.131390472803898373e+00 -1.270050238843227097e+00
-2.856885149765149290e-01 6.512444643446811732e+00
3.739910826884910833e+00 5.133072465771719273e+00
3.342503583912357801e+00 6.097948617114449910e+00
-1.072089207320175985e+00 -1.150468842443852946e+00
7.970635359256456276e+00 2.093372835977719060e+00
9.890656127422190469e-01 3.339473021170033196e+00
-3.090858307655881543e+00 9.585631486372108157e+00
4.169511271362340565e+00 -3.320938773539005240e+00
-1.871045198803316989e+00 1.998552229244032086e+00
2.418707759408955660e-01 2.189350634142178453e+00
-9.651892446151018046e-01 2.877215073291852221e+00
9.287232578723298992e-01 3.310997025512848690e+00
3.808833553494598068e+00 -3.391400245009017489e-01
-1.461205719702296957e+00 4.298564206979556879e+00
8.318662663812716573e+00 2.806798449793655781e+00
8.254801823459441579e+00 -4.399062425036246893e+00
1.548070099941664113e+00 3.011893582102207034e+00
-1.537743812263538290e+00 3.788154829807887758e+00
-5.082941297586389240e+00 2.485546626861441233e+00
-3.377546149621254656e+00 6.514127427818063865e+00
4.227299021174183657e+00 -8.523994933448236111e+00
3.798560940432044175e-01 -4.064621414197177041e-01
4.412578747419459546e+00 -3.887616340825671202e+00
2.782339263771105298e+00 3.997321888972328541e+00
-1.853127752945736395e+00 5.239813048189938094e+00
-1.374965407970915932e+00 -5.386262375324718521e-02
1.563848851928758776e+00 -2.241482064376575156e+00
-1.155776640353247675e+00 1.947035326018107915e+00
3.707212774884705908e+00 -2.436621110145851699e+00
-4.214549011452545457e+00 9.929812679167937528e-01
-1.610514233269862538e+00 5.486412750832204921e+00
4.016656672370470638e+00 2.928496139154770805e+00
-3.459342391034212927e+00 4.221507000856670189e+00
2.395516675833630593e+00 -1.693430214710994530e+00
1.246727061007165682e+00 5.018863322391134751e+00
-7.159591070061873674e-01 -3.674582915567643493e+00
1.415488791969877980e+00 1.965330078962736482e-01
2.496792166835021920e+00 -5.882232595639687034e-01
9.091446409111890725e-01 -9.292737340497896348e-01
1.025016986289260190e+00 8.541345830353719304e-02
-9.844002960774150823e-01 8.194772422845019832e+00
3.120666863511919686e+00 -3.680436978802503312e+00
1.737596487741813522e+00 1.777505712723460363e+00
1.437676360641001905e+00 1.666694667516575690e+00
-3.622059140385883058e+00 1.724201166495063386e+00
-1.782274113894840362e+00 -9.879021151107376664e-01
-1.371253205006431886e+00 1.236757966053613877e+00
2.126761620628683236e+00 1.748875415974630254e+00
3.086354664848777407e+00 5.127329047416253616e+00
6.207448184591964235e+00 8.517153739797359790e+00
-1.973523815482741250e+00 1.719477057550129917e+00
-3.062914071102351254e+00 5.459117062560654432e+00
6.734780787425911797e+00 1.752130363934522705e+00
-5.475327826621751548e+00 6.006744721629978301e+00
2.186712968994623640e+00 -4.011466340737914749e+00
-1.737498201226592709e+00 3.150125526386761798e+00
1.584083872761126166e+00 3.484815081284232008e+00
2.782674587013822531e+00 1.758341612793407283e+00
-1.497619041279658170e+00 7.355022775850526884e+00
5.807967956266629983e+00 4.868011391877163224e-02
-3.047364726050822092e+00 4.041771522778739190e+00
1.087417573239622737e+00 -2.530090768996378969e+00
2.953482760891878112e+00 2.207035749922792611e+00
2.110113084178563803e+00 -2.720012188990845292e+00
-2.506309345989828685e+00 2.364804501457555386e+00
7.250364068207154622e-01 4.783511502012479433e+00
3.324320584571288650e-01 2.004689655291708394e+00
1.807830335549010403e+00 5.059654945488286870e+00
-1.672298721331223703e+00 3.934722594149552499e+00
-4.929743742645831817e-01 -1.737955086392548032e-01
6.140712938826717426e+00 5.553598934045176350e+00
9.138365658046602391e+00 4.668258941044923560e+00
1.015814150291308948e+00 6.908992403529037318e-01
2.380340859839375156e+00 1.960843825000714968e+00
-7.103192036827045142e-01 -2.414940480809686374e-01
-2.219956753907569968e+00 6.838523172625300184e+00
3.276872452738632813e-01 4.365864796568343920e+00
-2.230618987640784479e-01 -6.108940258152366631e-01
1.341436873438417887e+00 -3.285615075805764285e+00
2.308585733837189569e+00 -7.536025795183753928e-01
1.019063427952939360e+00 5.286500472539867879e+00
2.530338427946295266e+00 2.677437034013026018e+00
-7.688417476830506914e-01 6.016503555865625463e-01
2.865128042833352762e+00 1.306262339609670198e+00
1.930768114685611714e+00 7.002532251847785050e-01
4.476292978400455702e+00 -1.574686536642148527e+00
-1.297028006005556788e+00 2.111664427225943275e+00
4.541399868625157765e+00 7.361665965392278910e-01
3.708955288545061180e+00 7.619287543174944943e+00
-6.311369295031272753e-01 9.779167425819390580e-02
1.241290326947853462e+00 -7.829948642810131698e-01
5.521039716705658407e+00 4.942626583264610574e+00
5.911377663750359002e-01 -7.128913768408399187e-01
2.158932288121770959e+00 -3.937003114650006186e-02
1.046955987071181315e+00 4.450361851973879901e+00
8.246503677708920677e-01 2.319903035011560810e+00
2.708214446388750751e+00 4.420579341620153535e+00
-1.929698108150664115e+00 1.459447849312315526e+00
-2.649091355513535362e+00 1.619937741939047493e+00
2.254604544041622471e+00 4.546996198322212024e+00
-1.871519015957795240e+00 1.535521039084096540e+00
-3.553155474207166264e+00 4.102262840795720678e+00
5.431079953541768646e+00 3.198358956096011951e+00
-3.490439068409829648e-01 2.567432800322848041e-01
5.546782397936282472e+00 1.635281734769348905e+00
1.971102288908768818e+00 -2.954029511739109992e+00
5.079749412840101286e+00 4.615981487072289724e+00
-3.361758397268218790e+00 6.434872946581279507e+00
3.022002314556972546e+00 6.475084960473875828e-02
3.951937013374628993e-01 5.770179134930553122e-01
4.297050426805627543e-01 2.968984932668035981e+00
-5.656783457222414047e-01 6.185892909240968685e-01
3.479000618094572950e+00 -1.198311798811082962e+00
1.800068975541067928e+00 2.282561870561773176e+00
3.068089983658541353e+00 5.544617094106743527e-02
-6.923976801281668259e-01 2.064828181553951314e+00
9.003250094953507698e-01 5.158386980124920917e+00
6.353563653739238148e+00 -5.071679005352581981e+00
4.722345318696141714e-01 2.810504484954900128e+00
-2.698205447306061266e+00 -2.552437777853573841e+00
4.664738384821464301e+00 3.198062542675597530e+00
4.734311090694014901e+00 7.543823185817696952e+00
2.393058512296127205e+00 3.172458840849772255e-01
1.501248482944527840e+00 3.718940759436421217e+00
2.207724086595153068e-01 1.305871714120910854e+00
2.011982201300617668e+00 3.830744571675325005e+00
1.520150441135280417e+00 5.135026659871828159e+00
8.837325006679686012e+00 5.438476878349754351e+00
-1.714602493513425863e+00 4.231080210273483466e+00
-3.908460367334359198e+00 -5.959406064158980776e-01
3.486747082215837068e+00 5.293854499916067269e+00
7.364251805655849248e-01 -6.586415188626767447e-01
3.076388681975954498e+00 -5.824010533247702126e-01
1.993677496543171834e+00 2.787322804876106730e-01
3.142533093589137572e+00 2.702159173090602273e+00
6.494959128812696214e-01 6.136865286150027465e+00
-3.646673302179662901e+00 4.631430405664892724e+00
2.290491032318227482e+00 -6.227531439357279375e+00
2.785243221182441609e+00 7.366881011493162212e+00
-3.827513409682999246e+00 4.139720745653004741e+00
-7.815741898890193884e-01 1.450068657233279268e+00
-3.434345300234618481e+00 1.344914816072383612e+00
6.694525287695637594e+00 3.742833299164366245e+00
5.261569721125598065e+00 -1.087804003668323416e-01
-1.396168956526556482e+00 5.405752449108462088e+00
-2.575273911626988266e+00 4.720794295206347968e+00
-2.079995591633433172e+00 7.856726357833052621e-01
-1.137626320102834931e+00 1.218946710664456479e+00
3.502226957367402527e+00 3.084225128815299755e+00
1.420933942043963949e+00 4.799423535636130111e+00
2.304288974611476526e+00 5.850639669564566603e+00
2.623284810367458419e+00 1.605990869496414897e+00
2.796065498384479930e+00 -7.628005886597602370e+00
-5.132125976926776856e-03 -7.276953826384700008e-01
3.887866948182626903e+00 -4.566696594474400905e-01
3.172761743091239595e+00 3.092185043737386785e+00
7.116446466624864797e+00 5.785658358364040410e+00
4.546500557040203283e+00 4.901537035413981447e-01
5.220667727628400812e+00 5.902289163896754509e-01
5.178430517627962359e+00 6.478369044184385750e+00
2.602276367122084544e+00 -3.887922284341952750e+00
1.682654963136430259e+00 -2.716310559503224642e+00
3.728841874036988857e-01 8.643065426030423382e+00
-7.039435595753245067e+00 2.774111392352591743e+00
-5.528948177322623447e-01 2.219580786694771657e+00
4.944966957616945269e-01 1.054842770499358373e+00
-2.238783973258942073e-01 2.838680588825745144e+00
5.992197296749198543e+00 2.551556059670978982e+00
1.440453400364455572e+00 4.035520487617337615e+00
-4.623379532140066139e-01 4.274418038978163858e-01
-2.752795116402523057e+00 4.065903542584292651e+00
-1.384207061676122841e+00 5.552720934423103216e+00
-7.855219517246102567e-01 3.290678903804928446e+00
2.465145457849458488e+00 5.309226780726195027e-02
1.385242248180529545e+00 -3.265315076610410205e+00
-2.191245855062495362e+00 1.685103902111264595e+00
6.535453129964208685e+00 -1.873504805728935185e+00
-3.235110435474296331e+00 -4.605192498129064282e-01
-1.932043470334852797e+00 2.944249763306875378e-01
1.547011594620979924e+00 1.050207334738844644e-01
5.812916966765931948e-01 6.224049048595755806e+00
1.056302515264349262e+00 5.638468266057206968e+00
-4.315242639070354658e-02 1.143413854761339721e+00
1.993776271997601546e+00 -4.020754028785644252e+00
5.338309569072345440e+00 2.385476204167555458e+00
-2.387528650997538193e+00 9.842252866595835314e-01
2.183995220624224132e+00 2.038643608254457451e+00
7.254003294304983918e+00 3.969723430162564792e+00
-1.414170530147691673e+00 1.239869042960707324e+00
3.896138744107630281e+00 2.213542077861126778e+00
2.469894629466626412e+00 3.326447991984427865e+00
-1.101728136803641789e+00 6.915373908584547813e+00
2.539634019052046665e-01 -9.047568312788902833e-01
-3.523155896157676104e+00 6.614157568040326396e+00
4.032564048163227000e+00 4.834766878702722259e+00
2.199774097362683811e+00 -2.082082292884201991e+00
-2.350315902754166686e+00 2.512774590630308502e+00
-9.942260750831308780e-01 5.063028279515098262e+00
4.195649445734592753e+00 6.934928553400385276e+00
-4.748125221810083341e-01 2.326365587718499661e+00
-2.538773052281432241e-01 5.882490917236554928e+00
1.708581054327741100e+00 2.336601410168802850e+00
2.627294306818198866e+00 2.565185021145643063e+00
-3.809128619284698480e-01 1.204990262385488231e+00
-6.814814514314054827e-01 1.439882333803830461e+00
3.483626576438811462e+00 4.709080162256356950e+00
9.149162068434938178e+00 1.819404739529934645e+00
-2.644723989355735938e+00 -4.759428578305647806e-01
7.838535327157654109e+00 4.109087405392109815e+00
2.181296062695493587e-01 8.085627121039431486e-01
2.094503344829527602e+00 3.825443281477682866e+00
-2.271570024259631504e-01 6.792911153833880000e+00
9.472396332504002814e+00 6.491443386832533413e+00
4.755666502272153373e+00 6.710740335873245144e+00
8.304018832826971064e+00 1.827017915995234887e+00
-8.909746614763719208e+00 5.245865805009340299e+00
-4.472993704756301980e+00 6.240377009798516283e+00
1.858603624836136392e+00 5.858780482038538295e+00
-3.515339269761043273e+00 3.834097548449326265e+00
2.823863082614464837e+00 4.142472720376373374e+00
-3.441686778512481837e+00 1.582828312773875423e-01
3.606228952703221857e+00 1.973483798453014026e+00
-5.218896098367810765e+00 -2.790089265361082038e-01
1.591604150238670190e+00 -3.622625998154680449e+00
1.918243120737910923e+00 1.520809686531932270e+00
-4.516563747560272679e-01 1.811528682357531395e+00
-2.208553144024021808e+00 6.442409059314730513e+00
1.651876889670187865e+00 3.793274203619954488e+00
6.775004703268363571e-01 8.986386455095762837e-01
3.393395280003416170e-01 5.827486345338950713e+00
-3.488609605201969277e+00 3.019916667780907282e+00
3.787097062119281432e+00 3.548521481748965201e+00
-8.287424664407125885e-01 3.511812811625339759e+00
3.694365428083188352e+00 -8.784675080479403819e-01
4.182809752009661874e-01 6.349328844608164601e+00
3.926478132942170962e+00 1.572666567036492768e+00
6.893745960753441260e-01 4.230967719454590714e+00
5.646390024124437801e+00 -9.234152717892079032e-01
4.149812521311239344e+00 6.334656127685470040e+00
-4.106521414019313809e+00 3.635069210095682291e+00
9.347526029786542567e-01 1.975443948513455616e+00
-1.110320323767469253e+00 2.907796457710792648e+00
1.991983731552707138e+00 4.638063718671564750e+00
3.447879073853540532e+00 1.554783248464366441e+00
1.339581725699127368e+00 3.258886797120640111e+00
4.046486852470589035e+00 6.169089800633236642e+00
1.124588890440254563e+00 5.407319388025226381e+00
5.167181672766288258e+00 1.879847992103563792e+00
-1.240412516448496927e-01 1.600674096262840518e+00
6.973672174239928800e-01 1.531383237087300841e+00
2.572999053942364167e+00 4.595149190880834511e-02
5.510774427629012706e+00 -7.201264829947031654e-01
1.407448326359695523e+00 -7.291945878056269592e+00
1.363368828119247311e+00 4.944914994253530871e+00
-5.270112088706969899e+00 9.252647126511824860e-01
2.473420670183024139e+00 -2.722243925352327842e+00
-1.351379781998512497e+00 3.430880799484389065e+00
4.440372040879132953e+00 1.997151633254247827e+00
-5.394935934103826103e-01 -1.969994098023684082e-01
-8.809580792837484964e+00 5.031716659771819700e+00
1.768990803386215394e+00 1.630238439498329583e+00
4.448257299660492770e+00 4.092882577632474650e+00
3.645208280077265162e+00 2.021418092665946187e+00
-1.691516840015668599e+00 3.923121767597154808e+00
1.645007066059326339e+00 2.910625754055712111e+00
5.175812442149001491e+00 -7.373437441123424918e+00
7.244513295950486764e+00 1.823056580374345703e+00
2.056959180467819781e+00 5.894121771726950065e-01
-8.444956402377216120e-01 9.759445246571762933e-01
6.270908147539259403e+00 4.834906918446361779e+00
2.553569732580251550e+00 -1.033542442027911346e+00
2.254533537062884285e+00 5.366628308994174645e+00
7.996175881759964854e-01 -8.939951304337814264e-01
2.794275931724582662e+00 2.460892303642721046e+00
-1.010754545281683958e+00 4.092960612027851108e-01
-2.554876105682543752e+00 3.923378661264432132e+00
1.499942529294585158e+00 9.075170973497918681e+00
-4.570258117182923185e-01 -2.002527904938686376e+00
3.535315293947806747e+00 5.241334149896512251e+00
-6.376570074148083522e-01 3.278864980390924888e+00
1.438051076868226419e+00 2.794756715690602356e+00
1.926313650864869054e+00 3.311262773086948163e-01
4.181434545388770907e+00 1.017460722405984841e+00
6.412624428909862173e-01 5.572540148244950586e+00
-1.768809204503922761e+00 2.345853157978117220e+00
8.996862440953213635e+00 3.873062807500487814e+00
2.575583921430534939e+00 -1.632716598374660100e+00
1.570206906197064933e+00 8.622321128814945723e+00
-7.095917267335765111e-01 3.345720669811310000e+00
1.114907327079992960e+00 2.862720358999264469e+00
-4.474476189155955907e+00 2.882055038943156955e+00
2.462734126232510867e+00 3.025875261037474395e+00
5.488208060596538651e+00 3.169704573940865799e+00
4.501432522939928127e+00 -6.899121227865784078e+00
3.534883022223545446e+00 -1.568855852663755046e+00
3.340716437959176943e-01 -3.367828357693815722e+00
1.521499923594339609e+00 1.118855829007252112e+00
-3.321023066363964382e+00 1.438013421687630577e+00
-5.701508312313113613e+00 7.470513363256733319e-01
-6.093059261319440090e-01 3.791155130212576219e-01
-2.485535477977778740e+00 3.581394220624494196e+00
5.925922920415083173e-01 1.803267086369612304e+00
-1.464603899873170523e+00 4.538351480342392108e+00
-2.064856191646405215e+00 -1.941405343598725741e+00
1.828051150966465865e+00 5.327327723841686513e+00
6.530643144809511469e-01 1.085096803761715023e+00
6.188702156899174689e+00 3.304183406770301090e+00
2.286443416375179005e-01 4.931640862977031858e+00
-2.621347945206241814e+00 1.004076071098858414e+01
-4.983265896389962313e-01 2.265714524656728734e+00
2.464316012901714537e+00 2.379334934586431416e+00
4.554961399234745301e+00 2.436076088438915432e-02
1.454726397964779316e+00 -5.739538207619701016e-01
2.898501174054792795e+00 6.522907923794270424e+00
3.694481572661021840e+00 3.520449405714216162e+00
-2.872793346341992571e+00 2.849141436700313168e+00
9.688935245063101664e-01 -7.034745826011434833e-02
-3.497051126844103464e-01 4.147265061270337227e+00
-2.894169687517401446e+00 5.928433592474056546e+00
9.099125771706245702e-02 1.615141947011988321e+00
2.906727735677378188e+00 2.980444455313103980e+00
5.589449959923653566e+00 7.256065061600850408e-01
1.067496412777103831e+00 2.962230967886972266e+00
-3.920930197068765111e+00 3.972677410639841700e+00
1.148551969574026943e+00 3.795528894324815106e+00
2.969003853437520490e+00 2.568733652750778251e+00
-1.468695613813097101e+00 -2.931221264108355484e+00
-1.940577563689758200e+00 2.460914618419703714e+00
3.685930986915501251e+00 1.888017345318449447e+00
-1.392880823304204485e-01 3.681341336910065376e+00
3.982480585614481261e-02 2.891305382050136430e+00
-2.659641799816484742e+00 3.583514915408056112e+00
1.747417095851349744e+00 3.519904068230136573e+00
-3.155047914196851266e-03 -1.682078322355364808e-01
1.498474394710770596e+00 -8.689417378187895835e-01
6.416160333113222869e+00 -3.875498976722162592e-01
3.798409295131920604e+00 -5.853246465533621379e-01
8.197747939762196623e-01 -3.356761175478317760e+00
1.788819115721089315e+00 4.658298535621555381e+00
1.707504276498089668e-02 6.319668581603256285e+00
-3.308583812406455937e-01 3.126460173174032242e+00
1.519634159598096224e+00 1.195991069402076779e+00
4.936737119252906147e+00 5.148105480978841797e-01
6.343804008297152741e+00 2.209874523627980647e+00
6.072170803949166640e+00 6.917073017537243906e+00
3.633685736834334712e+00 -2.142684379026495112e+00
-6.370269505641300789e+00 6.534920856485912033e+00
3.251023444839507892e+00 5.155427982139973331e+00
-1.410211911858213485e+00 -2.275429526434784577e-01
-3.848585251861063039e+00 4.801567033562265330e+00
5.736207235138676808e+00 6.987479997559118416e+00
-3.691442633147474228e-01 -3.399942083678134885e+00
6.035649625873044322e+00 6.904460421370067991e+00
-2.281544364704551686e+00 4.986474593953129641e+00
-1.508811881726298987e+00 4.580161459703659954e-01
2.803372359551404180e+00 -9.471835554587921813e-01
-6.489680901687442383e-01 1.428713431134660095e+00
-4.066471799588424751e+00 5.443585201863790246e+00
4.665725941573072300e-01 -1.939265176465269747e+00
1.888870287609684118e+00 1.771044598888758870e+00
